[0.9999966992635634, 0.002478270914566487, 0.0006779640494199435, 0.163451773087424, -0.0024789385518824278, 0.9999964416167567, 0.0009857065894922877, 0.031305894921376524, -0.0006755187889925518, -0.0009873839671531645, 0.9999992843733775, -0.9860544907953865]
[0.9999943163135192, 0.0012235304357316942, -0.0031417055766648216, 0.30899770666424164, -0.0012276331081223224, 0.9999983958865871, -0.0013042780395868259, 0.07807764281265785, 0.0031401047131346393, 0.0013081274882612293, 0.9999942142556951, -0.9478524668792387]
[0.9999900271509597, -0.0021550550028776923, 0.003911692288150442, -0.09752525115411734, 0.002152390608464322, 0.9999974488422214, 0.0006852180072238409, 0.04407331427105053, -0.003913158991300722, -0.0006767916839039781, 0.9999921145387725, -0.994256691381301]
[0.9999993345421483, 0.0005685745006934294, 0.0010038118836716153, 0.09501891003296191, -0.0005691740807243738, 0.9999996597450735, 0.0005971185839897496, 0.001113296394817729, -0.0010034720357189747, -0.0005976895303385409, 0.9999993179053169, -0.995474845140391]
[0.9999972824589392, -0.0003832720325592919, 0.002299603723803341, -0.056010561060573394, 0.000382993805207086, 0.9999999192854396, 0.00012142840773782942, 0.03150897052223431, -0.002299650078304627, -0.00012054734377051762, 0.9999973485354126, -0.997932864388336]
[0.9999670055347795, -0.0037431957920789306, 0.007209460941612317, -0.04930846353831263, 0.003724843243174297, 0.9999897926554293, 0.002557367350476125, -0.03547486754323298, -0.007218960078865425, -0.002530428859632755, 0.9999707413445487, -0.9981533996316804]
[0.9999748198465349, -0.0033853910368162273, 0.006236890284224111, -0.05076375905721932, 0.0033812005926004475, 0.9999940509554827, 0.0006823021296617961, 0.00202709226140705, -0.0062391630402002934, -0.0006611967720644503, 0.9999803176379956, -0.9987086320160372]
[0.9998612599333793, -0.002637902431856144, 0.016446955803288088, -0.20865770972072542, 0.0027020352677578647, 0.9999888285528697, -0.003878372709153151, 0.050965348399325525, -0.016436541298189805, 0.003922274878092907, 0.9998572177415802, -0.9766598657857488]
[0.9999630676901717, 0.005363900689020732, 0.006715044680336235, 0.05371928814823691, -0.005345267963327514, 0.9999818228107195, -0.0027896520484592367, -0.01686262997439163, -0.00672988603624286, 0.002753655306963289, 0.9999735626587284, -0.998413686700655]
[0.9999867498416851, 0.0027398677656238347, 0.004358126396716046, 0.057038063592992266, -0.0027281353706146063, 0.9999926450946114, -0.002695743697443475, -0.011596995331794514, -0.004365480324369744, 0.0026838184196402073, 0.9999868697639123, -0.9983046473901821]
[0.99999267865604, 0.00023153271500163839, 0.0038195584718154233, 0.0008887050201272402, -0.00023825719841777716, 0.9999984225015204, 0.0017601783938434555, -0.019241383955778436, -0.003819144907585327, -0.0017610755442727215, 0.9999911563334459, -0.9998144724631933]
[0.9999893437436389, 0.003999581510499635, 0.0023055903597922617, 0.0609403189308955, -0.003998975748705072, 0.9999919683432528, -0.0002672862666216879, -0.0006714003383061416, -0.0023066408752917544, 0.00025806341841539597, 0.9999973064019445, -0.9981411857799408]
[0.9999932251458582, 0.003676146592893729, 0.00018870244263735625, 0.11677448844456767, -0.003676515775421854, 0.9999912518530132, 0.001994855683210006, -0.030701826181403696, -0.0001813674099172824, -0.0019955359358611105, 0.9999979924690805, -0.9926837949305087]
[0.9999924583612925, 0.002696466003045252, 0.00279504769784112, 0.05466390185694599, -0.0026930476590678915, 0.9999956221465999, -0.001226043205107615, 0.001033694886908723, -0.0027983414453528893, 0.0012185067620730167, 0.9999953422523656, -0.998504276059274]
[0.9999827059303139, 0.0029952973396549913, 0.005061228520244189, -0.050116517586482404, -0.002993095850193789, 0.9999954227795169, -0.0004424898271673545, 0.010097042070782417, -0.00506253074248747, 0.00042733343263665936, 0.9999870940010269, -0.998692337212229]
[0.9999953875925749, -0.0024890646455537997, -0.0017405030210657646, 0.174020663259287, 0.002493865448642661, 0.9999930771419054, 0.002761576250453677, -0.011308131583920801, 0.0017336172299994568, -0.0027659040932863487, 0.9999946721587303, -0.9846770713888277]
[0.9999775305290042, -0.004623481789461124, 0.004854055341410701, -0.08201285782003445, 0.004606473978880133, 0.9999832328577586, 0.0035091880581998094, 0.018383653206884752, -0.004870198619857241, -0.003486749128978294, 0.9999820617120663, -0.9964617064629026]
[0.9998595479797218, -0.016379376201586856, 0.003549697034045257, -0.07380851248071013, 0.016373042023365515, 0.9998643213584112, 0.0018062030299728221, 0.10132543177053681, -0.0035787998948979827, -0.0017478300063996088, 0.9999920686093371, -0.9921116168868799]
[0.9999897010946881, 0.003963448771486978, 0.0022110582064182177, 0.0934983703687427, -0.003961069745563575, 0.9999915724720526, -0.0010793105864940738, -0.007150450340333906, -0.002215317364881092, 0.0010705413150094547, 0.9999969731505519, -0.9955937554034375]
[0.9976488522121258, -0.0012479089294628043, -0.0685216053747382, 0.9653158612368272, 0.0021550031240346323, 0.9999110054967935, 0.013165752843141823, -0.18863840565445114, 0.06849907766797297, -0.013282462486115414, 0.9975627561957905, -0.18050163422182394]
[0.9999831028424204, 0.005210816331772942, 0.0025770958074711747, -0.09826335160721374, -0.0052062933088819294, 0.9999849006444714, -0.0017586907199603676, -0.01348651100603043, -0.0025862211093114207, 0.0017452438864272168, 0.9999951327802303, -0.9950690567753583]
[0.9999835888799112, -0.0025502928517331562, 0.005130104991409951, -0.055927676753116926, 0.0025577869277016874, 0.9999956706706525, -0.0014547735164046824, 0.05986541262883555, -0.0051263726829960735, 0.0014678713574265492, 0.9999857827273313, -0.9966384637087705]
[0.999998130215201, -0.00031921881534144065, 0.001907266486415815, -0.13502575021766713, 0.0003194641714654948, 0.9999999407358002, -0.00012833954496230954, 0.05475559921835661, -0.0019072254049856407, 0.00012894860830277993, 0.9999981729300864, -0.9893279896638904]
[0.9999377824450717, 0.0013705441071344398, 0.011070358968119476, -0.20097346473197192, -0.0013672679084215118, 0.9999990192307452, -0.0003035062006904281, 0.030826654531720427, -0.011070764079287143, 0.0002883511707248189, 0.9999386756378129, -0.979111527786293]
[0.9998803299668994, 0.0023694019563106124, 0.015287631590726769, -0.28488572655778593, -0.0023260383415508352, 0.9999932230226389, -0.0028536738475611403, 0.024000044993841067, -0.015294289487190582, 0.0028177727310858304, 0.9998790651203364, -0.9582609877501723]
[0.9999904431610228, 0.00413630420949325, 0.0014158298301276406, 0.044775847142691866, -0.0041310457856027155, 0.9999846331586532, -0.0036970132905962353, -0.003398661903803183, -0.0014311000449315978, 0.003691129100982628, 0.9999921637286071, -0.9989912775444627]
[0.9999904756597318, -0.003768565897899158, -0.0022014769809548494, -0.01924931677855546, 0.0037637268327142905, 0.999990501264283, -0.0021981222749709378, 0.009106047284005879, 0.0022097398383516924, 0.002189815581321584, 0.9999951608670746, -0.9997732461445547]
[0.9999879847746292, -0.004370207925581701, -0.0022207181412034066, -0.08268440909143879, 0.004366078245291267, 0.9999887368216823, -0.00186107241462833, 0.04905641424159908, 0.00222882640227548, 0.0018513542242586528, 0.9999958024013925, -0.9953676490196756]
[0.9999983479327504, 0.00013850869741713432, -0.001812442305436368, 0.046877441953326306, -0.0001364900648827944, 0.9999993703652122, 0.0011138400428374953, -0.02535970560401342, 0.0018125954407931105, -0.0011135908223309683, 0.9999977372040642, -0.9985786853160797]
[0.9999951731001863, 0.0028154431373289598, -0.0013141751285595527, 0.04463905459058774, -0.0028119481283479246, 0.9999925251610458, 0.002653784045162623, -0.01409817133020251, 0.001321636883390001, -0.0026500758433198254, 0.9999956151773732, -0.9989036972453365]
[0.9999843986971801, -7.145497746138471e-05, 0.005585450422757321, -0.1877259311213019, 4.586781820588217e-05, 0.9999895059676541, 0.004581031620706829, 0.02603765830892936, -0.005585719146371071, -0.004580703958220727, 0.9999739081060389, -0.9818762728238357]
[0.9999964055343576, 0.002580494778287203, -0.0007279869942470943, 0.02477641516763835, -0.002578728727447956, 0.9999937552409596, 0.002416534136656113, -0.01098208464562453, 0.0007342183018649202, -0.0024146481695318956, 0.9999968151937797, -0.9996326940773181]
[0.9999952024251403, 0.0029891674397540674, 0.000812406745552427, -0.06667097313875646, -0.002988846604792338, 0.9999954550403523, -0.0003958467026440048, 0.0007992815024049209, -0.0008135863052711745, 0.00039341664439665816, 0.9999995916502505, -0.9977746952543]
[0.9999869215971823, -0.0008405968615730584, 0.005044802425002853, -0.18123296286903856, 0.0008604160030460781, 0.9999919162297537, -0.003927742283693469, 0.009014878364652673, -0.00504145999614225, 0.003932031543836551, 0.9999795611956505, -0.9833988738745739]
[0.999986807054566, 0.00294087463815624, 0.004211528603426676, -0.09981574959345435, -0.0029267538630418782, 0.9999900885475277, -0.0033551331615708016, 0.036799717069186194, -0.004221353887083598, 0.003342762789872576, 0.999985502949063, -0.9943251967825841]
[0.9999915106207644, 0.0029657238296703597, 0.0028606238075053886, -0.05407661665801494, -0.0029660025508623025, 0.9999955970619653, 9.319630531978013e-05, 0.05934022058752919, -0.0028603348178524793, -0.00010168013165121753, 0.9999959040645519, -0.9967720189448765]
[0.9999994316319302, 0.0010395169354449232, 0.00023693956597567456, 0.04988397443456787, -0.0010401449035158951, 0.9999959058030876, 0.002665797374582897, 0.04946162830626057, -0.00023416745438105402, -0.0026660423109107698, 0.999996418685587, -0.9975295165657528]
[0.9999967720828192, 0.0021076562045190483, 0.0014190170067853863, 0.01388016949184191, -0.0021144747348029, 0.9999861439671768, 0.0048208785767994665, -0.026209787215542294, -0.0014088365901955488, -0.0048238634910117775, 0.9999873726805164, -0.9995600972172677]
[0.9999987638318533, 0.0005137330836280322, 0.001486073041290406, 0.06031816435886918, -0.0005149167482107089, 0.9999995504375156, 0.0007962320699794641, -0.0170240224900137, -0.0014856633224511612, -0.0007969962896007751, 0.9999985787996936, -0.998034018311318]
[0.9999972342942167, -0.0013635005348987639, 0.0019163168340259606, -0.05852240242589973, 0.001366658693655575, 0.9999977086720895, -0.0016476937174814549, 0.03993621306356655, -0.0019140658118504753, 0.0016503081115064044, 0.9999968064125031, -0.9974869559550353]
[0.9999864635472401, -0.004829955102198337, 0.001935008009243129, -0.0593736896727278, 0.004837049005328235, 0.9999815362374249, -0.003678334019514083, 0.040426601157561304, -0.0019172060935495963, 0.0036876439564857907, 0.9999913627641216, -0.9974168912212656]
[0.9999923769006639, -0.002053758150612168, 0.003320876092200789, -0.12377573227341339, 0.002061890234215047, 0.9999948798728826, -0.0024472099789269175, 0.07250422158377484, -0.0033158331114525735, 0.0024540386055856706, 0.9999914914364519, -0.9896578731828042]
[0.9999984976481261, -0.0007589944987563083, 0.0015584058655723331, -0.010651837108708777, 0.0007651534524691615, 0.9999918850364107, -0.003955300433641985, 0.05440935571529359, -0.0015553911678954195, 0.003956486911017333, 0.9999909634439891, -0.9984618973084832]
[0.9999994888283994, -8.890070386813158e-05, 0.0010071939258385967, -0.05680202449038424, 8.890414240817716e-05, 0.9999999960423509, -3.369208628110909e-06, -0.051748930869725124, -0.001007193622327436, 3.458750618093309e-06, 0.9999994927743935, -0.9970434183964278]
[0.9999643940119766, -0.00744301810763915, 0.003976454414359905, -0.05487990639637965, 0.007454763138152819, 0.9999678702380889, -0.0029470320755928675, 0.03627486140025553, -0.003954391838723877, 0.002976570669392789, 0.9999877513311032, -0.9978338189820573]
[0.9999982058700682, -0.00031386497550379457, 0.0018680860315921782, -0.07477424311273387, 0.00031580122210936746, 0.9999994131942828, -0.0010362821422930726, 0.06186531036695331, -0.0018677596827193776, 0.0010368702269200544, 0.9999977181843467, -0.9952796069146188]
[0.9999977751359003, 0.0019338182706471708, 0.0008426566001072042, 0.02356000745920695, -0.0019357549558230718, 0.9999954731604717, 0.0023035866198477754, -0.016410417459017338, -0.0008381980676424663, -0.0023052126713703925, 0.9999969917047445, -0.9995877271392155]
[0.9999712323593688, -0.007563644832454228, 0.0005707280733027488, -0.03130868472812013, 0.0075628006404479245, 0.999970325410442, 0.0014670872529079781, 0.08365993883978301, -0.0005818076641006358, -0.0014627287456308313, 0.9999987609614619, -0.9960024000442566]
[0.9999935920960242, -0.003278034279581838, -0.001438839168576303, -0.01432521272844239, 0.0032790513992956185, 0.9999943753021772, 0.0007051141242607403, 0.03183400338511658, 0.0014365196872703854, -0.0007098276335462395, 0.9999987162771353, -0.9993905065132254]
[0.9999551169771048, -0.001510349691607619, 0.009353228058482294, -0.24612823618378032, 0.001507236434972168, 0.999998806354594, 0.00033989368387929257, 0.01113447514008331, -0.009353730252365078, -0.0003257809023088868, 0.9999561998393579, -0.969173315159067]
[0.9999974597351821, -0.0012272188496077973, -0.0018906234627846241, 0.05829090056909633, 0.0012240164448578507, 0.9999978159660768, -0.0016940622240697312, 0.04076080189662168, 0.0018926983186927232, 0.0016917437664935378, 0.9999967778428602, -0.9974671563212435]
[0.999999457979137, -0.0010396295887721882, 5.667230496655962e-05, 0.10168804849558155, 0.0010393436756617677, 0.9999877905882996, 0.004830987378887463, -0.01649440814589676, -6.16940504529484e-05, -0.004830925858389847, 0.9999883291064924, -0.9946795842345798]
[0.9999666139450717, -0.0007860047160523562, 0.008133461244405643, -0.1960844491911273, 0.0007269575445579338, 0.9999733801929588, 0.007260195465441446, -0.06325088276263516, -0.008138951281112028, -0.007254040395141853, 0.9999405664188195, -0.9785449476723896]
[0.9999994215024267, -0.0010682473504889716, -0.00012586663649445662, 0.05074459028537624, 0.0010682851693126437, 0.9999993841476167, 0.0003007842815502676, 0.02884179042770604, 0.00012554524696801322, -0.0003009185690081746, 0.9999999468432016, -0.9982951155253108]
[0.9999661904346043, 0.005580153507202234, 0.00603985716220945, -0.15957332389067574, -0.005558828169035316, 0.9999782772480527, -0.0035418161166474726, -0.027465364251579038, -0.006059489837515503, 0.003508121841253372, 0.9999754875315974, -0.9868039359817175]
[0.9999960193650556, 0.0010731199764471388, -0.002609533973603362, 0.04578438221260561, -0.0010816951797985612, 0.9999940130373243, -0.0032869172557371575, 0.018834550154131432, 0.0026059910938528025, 0.0032897268920402505, 0.9999911932149177, -0.998773773216889]
[0.9999288499657583, -0.0011801944728031264, 0.011870221024171401, -0.2920147769834497, 0.001184073264260563, 0.9999992478668484, -0.0003197440266450059, 0.022884093362591458, -0.011869834736051965, 0.00033377648820216016, 0.9999294953228427, -0.9561399940878315]
[0.9999919161241656, 0.00041467641420088713, 0.003999466188293319, -0.09025807387271458, -0.000423754678490306, 0.9999973353766988, 0.0022692887596604027, 0.0044115223376572235, -0.003998514510697007, -0.0022709652075205223, 0.9999894272434754, -0.9959086396710554]
[0.9999689250036284, -0.0004872837111256365, 0.007868391301412592, -0.16597808020979457, 0.00047955101898183427, 0.9999994002861534, 0.0009846106608505031, 0.028582229732292644, -0.007868866367366084, -0.0009808067690114004, 0.9999685589858185, -0.9857151378737172]
[0.9999995823199582, 0.0009062392417336143, 0.00011870276573894799, 0.012582033383272328, -0.0009060600669943363, 0.9999984631826107, -0.0015008955897531893, 0.03252526406918921, -0.00012006275379561858, 0.00150078741102316, 0.9999988666103987, -0.9993917148111504]
[0.9972106286804489, 0.004831981796158541, -0.07448230661483023, 0.9645242627770321, -0.003660932680088186, 0.9998676624347175, 0.01585103117294577, -0.2626220181664431, 0.07454904170179416, -0.01553414205083209, 0.9970963498138425, -0.02688163106300246]
[0.999995851393074, -0.0018807995979398789, 0.002181694184212034, 0.006829612992685928, 0.0018930312089797973, 0.9999824269686332, -0.005618023385827578, 0.05314349380854739, -0.0021710894691064084, 0.005622130094036032, 0.9999818388469477, -0.998563531004508]
[0.9962513745143609, 0.004093086138331203, -0.08640859577675625, 0.9890940590173202, -0.003745799480699627, 0.9999842444999697, 0.0041808776680492595, -0.07253101426370802, 0.08642434705855226, -0.003841535850281786, 0.9962510099557308, -0.1281881210819462]
[0.9999935819297584, -0.002734904650112866, 0.0023143888709343044, 0.023482764684271202, 0.0027260082645763004, 0.9999889176844101, 0.0038384094757730053, 0.013647438895554875, -0.0023248609060708032, -0.0038320757974017756, 0.9999899550579746, -0.9996310855382475]
[0.9966249788035837, 0.004680296943333117, -0.08195575907328678, 0.9622969493679089, -0.004203742014628534, 0.9999732456107769, 0.005986369160287207, 0.017752179148730916, 0.0819815843822917, -0.005621644169723891, 0.9966179894718931, -0.2714211512993925]
[0.9999876373615626, -0.004631074692186386, 0.0018105996894990234, -0.08044763361915276, 0.004623748564563488, 0.9999811910342811, 0.004029705556499855, 0.06485622836446353, -0.0018292275014112208, -0.004021283980991747, 0.9999902415533326, -0.9946465944683143]
[0.9997510524134008, -0.010657351912318938, 0.019602399049971242, -0.43259430730076753, 0.01074365941447833, 0.9999330272878086, -0.0043028736239848625, 0.13680141645443733, -0.019555228985696504, 0.004512403933080236, 0.999798595333111, -0.891149559696367]
[0.9999930248468845, -0.0037332984551143667, -0.00011287259687668694, 0.0971741834208747, 0.003732968688400862, 0.9999891324860535, -0.002792821970940551, 0.06511393838447717, 0.0001232978081817382, 0.002792381140709753, 0.9999960936949781, -0.9931351132170025]
[0.9999982263011327, -0.0018653599654905395, -0.00026043576466364127, 0.12878446371055313, 0.0018653613946609405, 0.9999982601981663, 5.244818583018812e-06, -0.030814543075145497, 0.0002604255280824197, -5.730616101567998e-06, 0.9999999660728517, -0.9911937377939064]
[0.9999982101688305, -0.0017231102167593617, -0.0007813771918884216, -0.06646229647011562, 0.0017233847247462184, 0.9999984534494794, 0.00035077591097089356, 0.047888695711266326, 0.0007807715578931479, -0.00035212189665799476, 0.9999996332029051, -0.996639070060467]
[0.9999925504335694, -0.001240541307957026, 0.0036551517927784667, -0.009376541498829279, 0.001247175564817552, 0.9999975782037356, -0.0018133228542497395, 0.036434868747772096, -0.0036528934388401543, 0.0018178679617823143, 0.999991675828153, -0.9992920398006047]
[0.9999872513895917, -0.0017272947749373034, 0.00474484046618652, -0.08684885979266792, 0.0017354900554591565, 0.9999970085922409, -0.0017236243318657363, 0.06764479792385328, -0.004741849065131587, 0.0017318369814945528, 0.9999872577228738, -0.9939222589652345]
[0.999992603950112, -0.001527819483414908, -0.0035295626783777567, 0.18318977481864776, 0.0015250883845922911, 0.9999985356996131, -0.0007763401631329242, 0.020308468369011456, 0.0035307436176647833, 0.0007709515262400296, 0.9999934697203031, -0.9828677797722327]
[0.9999865286707761, 0.0010671863516676303, 0.005079723443372014, -0.1743871000588194, -0.0010551891278044335, 0.999996649315124, -0.002363881221632738, 0.06769230536840982, -0.005082229124596105, 0.0023584893080610264, 0.9999843041144741, -0.9823476427044479]
[0.9999979781343479, -0.0015359665681817366, -0.0012978959579788563, 0.11741097885316536, 0.0015303989752095777, 0.9999896702586132, -0.00427986624165938, 0.06555012809292254, 0.0013044562825127448, 0.004277871289700773, 0.9999899990555083, -0.9909176770810696]
[0.9999517470289288, 0.001216208185214911, -0.00974804859666456, 0.41302819062672297, -0.0012607994337412408, 0.9999887647918847, -0.004569537699586616, 0.035935179689599805, 0.009742381566156977, 0.004581607539966948, 0.9999420457575374, -0.9100089980919374]
[0.9999876592612363, -0.0030417094005776224, 0.003928018477095894, -0.018322113339299253, 0.0030522117554489087, 0.9999917762308271, -0.002670482000394263, 0.05155869813081304, -0.003919863343774041, 0.0026824381888449697, 0.9999887195347402, -0.9985018782204856]
[0.9999890276810475, -0.004186539799452775, 0.0021017616468578665, 0.039553102491520095, 0.004176643735515997, 0.9999802750044862, 0.004690975278041215, 0.012242002842848754, -0.0021213591443186783, -0.004682145497548435, 0.9999867885871895, -0.9991424750503257]
[0.9999945083167368, 0.0005088029248613412, -0.003274821514369697, 0.22037235586891252, -0.0004755815136396925, 0.9999485032426958, 0.010137291793985773, -0.07201126535407552, 0.003279810755395879, -0.010135678678617546, 0.9999432538195018, -0.9727540297685177]
[0.9999899574891511, 0.0002171013104604637, 0.004476358773285394, -0.1584962279014801, -0.00023487400895117784, 0.999992091126557, 0.003970203840519319, 0.062408377472901684, -0.004475461433873729, -0.003971215350034904, 0.9999820996865882, -0.9853852749875056]
[0.9999967709042864, 0.0019345118982875527, -0.0016479820130759493, 0.14316870514149244, -0.0019324019583483866, 0.9999973124926136, 0.0012809489535717637, 0.008524117540555345, 0.001650455595103878, -0.0012777602535956282, 0.9999978216601588, -0.9896615892759824]
[0.9999952932565324, -0.0030676492577887543, -5.4706609137866735e-05, 0.04543228970003091, 0.0030675485711470288, 0.9999937562859271, -0.0017542904336402335, -0.03537971703323064, 6.008781531213758e-05, 0.0017541143614644705, 0.9999984597349444, -0.9983407147238166]
[0.9999921072539371, -0.0012793022257057592, 0.0037614911466185563, -0.19619004352241814, 0.001285734176139937, 0.9999977147642086, -0.0017080263431856965, 0.029760802529373933, -0.0037592974688219483, 0.0017128491398879474, 0.9999914668787755, -0.9801141573589677]
[0.9999960528606464, 0.0022343163851028954, -0.0017035531746281973, 0.15737674942067317, -0.002228251850933566, 0.999991203520386, 0.0035535581519180147, 0.016034540665291613, 0.001711477962561686, -0.0035497481800141825, 0.9999922350353737, -0.9874084525906367]
[0.9999785016991444, 0.006471352069071257, -0.001057233149567502, 0.05403348475218293, -0.006465603667963434, 0.9999647698330062, 0.005353042315485919, 0.013698574168889567, 0.001091837324531185, -0.0053460915836420556, 0.999985113487214, -0.9984451570273027]
[0.9999916967971852, 0.003632490252923158, -0.0018469843660893215, 0.0691732069467456, -0.003622748540449995, 0.9999796529372209, 0.005250657536748228, -0.013752332635116675, 0.0018660197477061158, -0.0052439227795573265, 0.9999845095021139, -0.9975098700202399]
[0.9991283993524399, -0.0018952833036145478, -0.041699514489146605, 0.9303934714525948, 0.0016574803777533453, 0.9999821718808044, -0.005736608697390316, 0.1362174339072936, 0.04170964356391538, 0.005662492538507785, 0.9991137281671304, -0.3403127957895531]
[0.9999708076460453, -0.005576887452644453, -0.005223234826868577, -0.02361973073472053, 0.005563832707650249, 0.9999813702410745, -0.0025105649532605567, -0.0011828634320534197, 0.005237138657449816, 0.0024814304591903487, 0.9999832072997821, -0.9997203154653407]
[0.9999308053538627, 0.0007227512859043633, 0.011741470732162584, -0.5195568217194274, -0.0006644554626508911, 0.9999874381955259, -0.004968093204348226, 0.08092997596973307, -0.011744913933855072, 0.004959947754529598, 0.9999187246546384, -0.8505945261958517]
[0.9999524840630956, 0.005658105791539381, -0.007938227440450751, 0.1804976142587491, -0.005694872841900914, 0.9999731268389572, -0.004616711300638822, 0.03248936855575945, 0.007911892274238247, 0.004661699129139461, 0.9999578343719652, -0.9830386829508532]
[0.999913327425388, 0.003030290156659819, -0.012812297945937162, 0.16453067256037143, -0.0030735095070785296, 0.9999896489474953, -0.0033549272980342403, 0.022674558312389754, 0.012801998922000707, 0.0033940152373921444, 0.9999122908956412, -0.9861113132867759]
[0.999904290674485, -0.004059039418951931, -0.013226250025995673, 0.14311078099306102, 0.004050575287886225, 0.9999915741567528, -0.0006666748358067631, 0.053307465319103985, 0.013228844643124321, 0.0006130371073011648, 0.9999123070824328, -0.988270012954359]
[0.9998500984722358, -0.005270711686552941, -0.016492428061915823, 0.12152623650456175, 0.005287857507955197, 0.9999855229869438, 0.000996182465275143, -0.022870499404293147, 0.016486938710257776, -0.0010832427455532978, 0.9998634944016699, -0.9923247019489312]
[0.9998483224695752, -0.005090818372595046, -0.01665579848200959, -0.017915981450782197, 0.005088762197237866, 0.9999870384157534, -0.00016583060682883485, 0.0018088735564566285, 0.016656426809974367, 8.10480563718497e-05, 0.9998612688153974, -0.999837859647809]
[0.999789930864552, 0.0025704471180361707, -0.020334378364465958, -0.034353009974321114, -0.0025586717804367545, 0.9999965435317314, 0.0006050812412104895, -0.041265705343250185, 0.020335863408664986, -0.0005529251322233253, 0.9997930520528848, -0.9985574656814842]
[0.999312959226718, 0.004717888762626285, -0.03676072696728633, 0.5048934645240372, -0.004732122273961823, 0.9999887583876811, -0.0003001950172444503, -0.014950540909581, 0.036758897430746784, 0.00047394502591678773, 0.9993240509643447, -0.8630521831311394]
[0.9998805739654095, -0.0018685979450306783, -0.015340995675733937, -0.44900749268686696, 0.0018355787359002028, 0.999995969214978, -0.0021661496949423667, 0.05028639054259295, 0.0153449815023472, 0.002137731394824219, 0.9998799736204222, -0.8921118486138669]
[0.9994493315413461, 0.0013365005029197874, -0.03315490081363806, 0.10390722120084413, -0.0014233925675299546, 0.9999956139141789, -0.0025973267031932402, 0.02004382114063014, 0.033151284064953115, 0.002643088876694309, 0.9994468502356864, -0.9943850032137458]
[0.9991385073701694, -0.0007930231189274394, -0.04149233910546346, 0.16999545131895918, 0.0007602386006993495, 0.9999993862753042, -0.0008059071192973305, -0.0295480479450445, 0.04149295274356743, 0.0007736687584324053, 0.9991384970609791, -0.9850017560357447]
[0.999534278605051, 0.0018459342471688206, -0.03046011195376036, -0.4863278466847359, -0.001843696211624831, 0.9999982952334414, 0.0001015602776873667, -0.03387508100202939, 0.030460247499975, -4.5353785878353425e-05, 0.999535977974417, -0.8731195247078684]
[0.9997270207652564, -0.0019844190702527787, -0.0232797343794503, -0.7449224441923518, 0.0019982931134077103, 0.9999978394041934, 0.0005727229504054899, -0.014167743855744774, 0.0232785475590091, -0.0006190863418241849, 0.99972882621021, -0.667000620069075]
[0.9989148957637405, -0.0024927856200829424, -0.0465060968171675, -0.19612078709024988, 0.0025240208927977993, 0.9999966268136499, 0.0006129272833630614, 0.06254497787684851, 0.0465044120471185, -0.000729644553380468, 0.9989178180806354, -0.9785830381799417]
[0.9983064179141805, -0.0028074682330209095, -0.05810691932529373, -0.013210470952701949, 0.00302789648875652, 0.9999885493924381, 0.003705796387100932, -0.06496137205018349, 0.05809585006012836, -0.0038754620537242435, 0.9983034874223676, -0.9978003325307951]
[0.9985026931688391, -0.000384067133405672, -0.054701226924192076, -0.21911886163875832, 0.0005566298042669129, 0.9999949170293888, 0.00313943922487811, -0.07123329639036517, 0.054699743124039746, -0.0031651868543166317, 0.998497831592208, -0.9730944157477717]
[0.9977780184646022, -0.0014243234281675014, -0.06661078870290847, 0.07327458571301232, 0.00159173545527059, 0.9999957066857404, 0.002460282164068496, -0.056413562852832055, 0.06660699848433334, -0.0025608422166098627, 0.9977760018361084, -0.9957149918600382]
[0.9981320452859156, -6.482324761044266e-06, -0.06109353592103414, -0.18703550543503747, 4.963264077297838e-05, 0.9999997504096468, 0.0007047816999854006, 0.002370030328966446, 0.061093516104053, -0.0007064974332084586, 0.9981317964835209, -0.9823502952933337]
[0.997949748458662, 0.004994175180355198, -0.06380719211469005, -0.15219101583857927, -0.0049614664862250215, 0.9999874666868953, 0.0006710584412258427, 0.05615176089929326, 0.0638097437825848, -0.00035310535736493565, 0.9979620192747856, -0.9867547184817156]
[0.9972630626877504, 0.0018707153123292035, -0.07391132675624215, 0.13546244505860683, -0.0019136242170347839, 0.9999980391049681, -0.0005097338271973367, 0.056160407903187694, 0.0739102282570129, 0.0006497772224602766, 0.9972646870056904, -0.989189534195996]
[0.9975144833128193, 0.0011626051762258871, -0.07045213928875473, 0.029393455639954175, -0.0013812393619135506, 0.9999943805865381, -0.0030546641668619118, 0.05684242171873776, 0.07044819202068275, 0.0031443830160181666, 0.9975104837025351, -0.9979503814612685]
[0.9966161917359564, -0.0027873173752521706, -0.0821486289086375, 0.35955937463517473, 0.00285879605990021, 0.9999956305011826, 0.0007525049038069748, -0.0585675430426511, 0.0821461724903072, -0.000984804748144781, 0.9966198053946151, -0.9312823948802582]
[0.996606609164313, 0.0010009110662429262, -0.08230592170097839, 0.372933780678561, -0.0009656316548168726, 0.9999994240583496, 0.00046844260742184927, 0.004675223398075505, 0.08230634316695984, -0.00038737579519746313, 0.9966070016884668, -0.9278461820339473]
[0.9981930626933714, 0.0008784498286195964, -0.060081926706173766, -0.14203942921796142, -0.0009923781459189283, 0.9999977658594085, -0.0018664034416573522, 0.08341570964937171, 0.060080152932919045, 0.0019226549586773695, 0.9981917043441438, -0.9863400123340466]
[0.9978412155351535, 0.003114518443749798, -0.06559884415285899, 0.03913822445848701, -0.0031851477183974584, 0.9999944548848455, -0.0009721283724101332, 0.08493983232282876, 0.06559545268796868, 0.001178971765564904, 0.9978456025920225, -0.9956171072612235]
[0.9984844274699002, -0.0005415106777872376, -0.05503230747743794, -0.11696696386348708, 0.0006549335096384624, 0.9999976985862787, 0.0020430086254703828, -0.025671307791825915, 0.055031074514344566, -0.002075954799998579, 0.9984824841976275, -0.9928039652020006]
[0.994401751137095, -0.0037685998745732585, -0.10559808232380569, 0.8041961951267574, 0.005259937944093851, 0.999890279200472, 0.013847837853853448, -0.20110221164056166, 0.10553430905778544, -0.01432575357137339, 0.9943124671833838, -0.5593088415329417]
[0.9986003079546671, -0.0006382441293618196, -0.052886837656218336, -0.06463244377260746, 0.0007673431963012283, 0.9999967755136662, 0.0024207739856438697, 0.010849289256839211, 0.0528851220785482, -0.002457968002601986, 0.9985975777339111, -0.9978501591594812]
[0.9952434382628256, 0.006163358477114522, -0.09722402793071139, 0.8218966029844549, -0.0035969873896940507, 0.9996410233683833, 0.026549690784065688, -0.4283605308345064, 0.09735276203841126, -0.02607369193830597, 0.9949083386484401, -0.37549065184874186]
[0.9990814260004145, 0.009812784767824972, -0.041713468761045785, -0.2454451244245904, -0.009986055438437912, 0.9999423463494915, -0.00394748956351626, 0.10637586169887285, 0.04167232796183626, 0.004360416513816953, 0.9991218163217471, -0.9635563641759726]
[0.9992779457435135, 0.005116183182157756, -0.03764853012098403, -0.07532259536437699, -0.00520667229582341, 0.9999837866353116, -0.0023058686232108605, -0.014209493523451931, 0.03763612246536556, 0.002500227219715833, 0.9992883823749888, -0.9970579706924675]
[0.9994463029630785, -0.002380423271516344, -0.03318766455302246, -0.013833126887777181, 0.0024684716656297404, 0.9999935411806222, 0.002612325529868769, 0.009163033068397169, 0.03318123175940749, -0.0026928019025610084, 0.9994457237273279, -0.9998623322365405]
[0.9994382151004985, -0.010018089030238632, -0.03198268420430639, -0.143661180323247, 0.010179761839217902, 0.9999361978739044, 0.004896185288150751, 0.11113763226685426, 0.03193159322093017, -0.0052190107933692415, 0.9994764305778862, -0.983366611169125]
[0.9910373543835564, 0.0008371414166739033, -0.13358241430176748, 0.9675806903532465, 0.0009616778450055041, 0.9999097414592725, 0.013400899618051531, -0.08565719490500986, 0.1335815757960766, -0.013409255352149665, 0.99094709973779, -0.23759303991602915]
[0.9996532854774359, 0.005578942497748073, -0.02573294065540133, -0.024565787520644353, -0.005511777702006431, 0.9999812180744106, 0.002680262110604667, -0.016402273634509485, 0.025747410369418692, -0.0025374985762951427, 0.999665259954673, -0.9995636485502607]
[0.9997040034930256, 0.007729135178550641, -0.02306872058454723, -0.18957880977898484, -0.00767623094913668, 0.9999677026255382, 0.0023810048757245024, 0.025130968381380344, 0.023086378633985466, -0.002203219279690128, 0.9997310463051419, -0.9815438397295342]
[0.9998039110840179, 0.004355446197319761, -0.019317594817239492, -0.16945940941502782, -0.004236669050779097, 0.9999718958314477, 0.006185319928220169, 0.04032785200526568, 0.019343991740459338, -0.006102264799442689, 0.9997942650104882, -0.9847117207149264]
[0.9997834255229969, -0.0037546914717784493, -0.020469595537128016, -0.10116414043030264, 0.0038973022679522763, 0.9999683820177132, 0.006931522192755689, 0.008337169953526092, 0.0204429226025553, -0.0070097972030728276, 0.9997664475559467, -0.9948348145738386]
[0.9998246318910001, -0.005434502192143507, -0.017921262509895005, 0.043731762385706925, 0.005425787375374676, 0.9999851372619843, -0.0005348705345536407, 0.022256766479495503, 0.017923902905957908, 0.00043753977544250255, 0.9998392582128203, -0.9987953590723764]
[0.9998709006489466, -0.002184148291012755, -0.015918904852646965, 0.008039198495756392, 0.0021292793914015583, 0.9999917371763247, -0.0034629103871651815, -0.034025564098791324, 0.01592633682734714, 0.003428567531645027, 0.99986728955394, -0.9993886292505557]
[0.9998520646406182, -0.0028081700416153358, -0.016969473029837284, 0.11112297956154564, 0.002764652648945392, 0.999992831088705, -0.002587366794127078, 0.004520804850247, 0.016976617143108344, 0.002540069332527416, 0.9998526604046029, -0.9937963804204915]
[0.9999048288559378, 0.0033238588260685585, -0.01338974208422595, 0.0072687968201806275, -0.0033545778472095734, 0.9999917914358443, -0.0022724146623956942, -0.024760686305866746, 0.013382078988136932, 0.0023171153262680835, 0.9999077712161858, -0.9996669810524149]
[0.9999192315929718, 0.0033525842982880054, -0.012259301327713697, 0.01185248935864403, -0.003338882637657923, 0.9999937784462951, 0.0011379505410364088, -0.02111095606118668, 0.012263040130928236, -0.0010969262622310162, 0.999924204427277, -0.9997068800554421]
[0.9974975452488257, 0.0041808358360282405, -0.07057738897323335, 0.9829048829447169, -0.003715184307173977, 0.9999704671369367, 0.006727723203292409, -0.09828957482366676, 0.07060343212713258, -0.006448679372443013, 0.9974836188661048, -0.15568285250603323]
[0.999949986917283, -0.0019807540547411274, -0.009803074900250577, 0.03866866759811442, 0.0019841727178192374, 0.9999979740598797, 0.0003390202978826237, 0.0512140255218759, 0.009802383523978126, -0.0003584543362001799, 0.9999518912366422, -0.9979388046047869]
[0.9999758465188172, -0.0020248952058237713, -0.006648772697310546, -0.005110838720084938, 0.0020246638239579434, 0.9999979495036712, -4.1531349852269583e-05, 0.0717943307781228, 0.006648843160657731, 2.806881717165588e-05, 0.9999778958040855, -0.9974063632219812]
[0.9999778095783854, 0.0036981697595171344, -0.0055411092069167925, 0.0035096854391426136, -0.003695020792971712, 0.9999930061005715, 0.0005784213716271244, -0.003545850368620993, 0.0055432095533810835, -0.000557934022477339, 0.9999844806483118, -0.999987554449195]
[0.9999626142789778, -0.0014729043131062151, -0.008520598408370786, 0.10370760153987182, 0.0014887439554805834, 0.9999971751260672, 0.001852938563741524, -0.051488000319303825, 0.008517845137552021, -0.0018655542796748442, 0.9999619822880479, -0.9932742416905648]
[0.9999921344449938, 0.0016085816038566994, -0.0036253983738763623, -0.06350079137849998, -0.0016078413556570056, 0.9999986859792441, 0.00020708925680581938, 0.007398482533405923, 0.003625726729996545, -0.00020125856249760335, 0.9999934067786, -0.9979543636612384]
[0.9999950235378697, 0.002738859432653732, -0.0015657421573625485, -0.14578444249104022, -0.0027385981945155747, 0.9999962357581521, 0.00016896584032548615, 0.00184906690491638, 0.0015661990372160262, -0.00016467706082810385, 0.999998759950252, -0.9893146502903705]
[0.9999930848602301, 0.0005180594027496431, -0.00368264119558373, 0.0528393662458222, -0.0005145147841509241, 0.9999994035644267, 0.0009634029933328347, -0.06016480270908388, 0.003683138099104935, -0.0009615015579267222, 0.9999927549780032, -0.9967889435029447]
[0.9999856977545158, -0.001613876688864261, -0.005098988963259388, 0.15147973025731548, 0.0016060319157656135, 0.9999975211125812, -0.001542215995998214, 0.11196058726228576, 0.005101465269884975, 0.0015340047998332468, 0.999985810840021, -0.9820991386927571]
[0.9999937915749321, 0.0033313620223858944, -0.00114840701278238, -0.022091706778760888, -0.0033317082995307523, 0.9999944049200762, -0.00029974714226270807, 0.008879448838856902, 0.0011474020211072675, 0.000303571438480775, 0.9999992956562436, -0.9997165157583019]
[0.9999952232035415, 0.002836903010290585, 0.0012270091315170761, 0.04219107054455556, -0.002835883280867272, 0.999995632751435, -0.0008320120638633452, 0.039671934732143165, -0.0012293641103917827, 0.0008285284348295771, 0.9999989011016547, -0.9983216170958701]
[0.9999926280155077, 0.003590048231624822, -0.00136215576677029, 0.21519824858285572, -0.003588597462387666, 0.9999929927737546, 0.0010660073369855826, -0.02462379871608911, 0.0013659732395916169, -0.0010611112496679287, 0.9999985040788936, -0.9762598948761857]
[0.9999847115009471, -0.002664266698660319, 0.004845456358842176, -0.13768524076819583, 0.0026733293233136106, 0.9999946878632836, -0.001864820512264137, 0.14666833331031237, -0.004840462239925958, 0.0018777455025268952, 0.9999865219077364, -0.9795566213744763]
[0.9999976401198623, -0.0019647566164652215, -0.0009270847558365825, 0.19909306128135332, 0.0019659146271870072, 0.9999972865427903, 0.0012498346830726627, -0.024330915490435385, 0.0009246266192687036, -0.001251654303094759, 0.9999987892128273, -0.9796784980293365]
[0.9987902948952557, -0.000946911328912392, -0.04916350457384977, 0.7740523774177201, 0.0029012709158512395, 0.9992075864850829, 0.03969611741377982, -0.6043092271836858, 0.04908695804509161, -0.03979073346384708, 0.9980015872133113, -0.18882074821012612]
[0.9999833819273419, -0.005663607910883394, 0.0010767611561575408, 0.13375648697869347, 0.00566743970692154, 0.999977497470444, -0.0035895236336642433, 0.09932238125293168, -0.0010564072718598772, 0.003595566461630978, 0.999992977928093, -0.9860244757476184]
[0.9999829198992335, -0.005812824311824168, 0.0006090840031636457, 0.1313441888421152, 0.005814946819612496, 0.999976816714951, -0.003542940320982818, 0.07671453331874228, -0.0005884753929623898, 0.0035464215982921737, 0.9999935382744025, -0.9883640950758451]
[0.9999877424207195, -0.00287045755187304, 0.004034288258870521, 0.008297234679811312, 0.0028764921473657563, 0.9999947516089561, -0.001490821071798036, 0.0336428620183273, -0.004029987746744118, 0.0015024073964374149, 0.9999907509426155, -0.999399476551736]
[0.9999894758901293, -0.003757893511175728, 0.0026317950801375, 0.05195929551042016, 0.00375297786450371, 0.9999912086283412, 0.0018702468224670518, -0.018859142959252482, -0.0026388001314472387, -0.0018603500711042685, 0.9999947879021566, -0.9984711134213664]
[0.9999718717501751, -0.007492098807694407, 0.000352368992126012, 0.09707229832547175, 0.007491925233718095, 0.9999718144143052, 0.000491358580983009, 0.15501848355846765, -0.0003560403674383317, -0.0004887048377823777, 0.9999998172014025, -0.983130834961982]
[0.9999993737326568, -0.0007715765022176298, -0.0008106811916791801, 0.11703761342584613, 0.0007781030090555762, 0.9999670421212826, 0.008081412433519383, -0.09651035488176819, 0.0008044190454093852, -0.008082038165869582, 0.9999670162405784, -0.9884270071402225]
